       0/9     11.5G   0.05928   0.01764   0.01438   0.09131        34       640    0.6266    0.7278    0.6266    0.2988   0.08073   0.03231   0.01709
       1/9     11.5G   0.04692   0.01329  0.009578   0.06978        36       640    0.6629     0.791    0.7227    0.3489   0.08029    0.0318    0.0163
       2/9     11.5G   0.04011   0.01225  0.008033   0.06039        47       640    0.6105    0.6082    0.5904    0.2152   0.09774    0.0263   0.01377
       3/9     11.5G   0.02904   0.01012   0.00391   0.04307        24       640    0.9167    0.8712    0.9353    0.6604   0.08166   0.03153   0.02083
       4/9     11.5G   0.02609  0.009609  0.003357   0.03905        40       640    0.8878    0.9055    0.9479    0.7586   0.07895   0.02685   0.01469
       5/9     11.5G   0.02282  0.008787  0.002579   0.03419        40       640    0.8848    0.9117    0.9465     0.727   0.08054   0.02454   0.01531
       6/9     11.5G   0.02024  0.008648  0.002473   0.03136        52       640    0.9023    0.9131     0.954    0.7899   0.07584   0.02383   0.01298
       7/9     11.5G   0.01961  0.008028  0.002427   0.03007        52       640    0.9083    0.8966    0.9545    0.8169     0.073   0.02354   0.01354
       8/9     11.5G   0.01793  0.007687  0.002353   0.02797        43       640    0.8987    0.9215    0.9595    0.8516   0.07007   0.02218   0.01117
       9/9     11.5G   0.01838  0.007535  0.002097   0.02801        22       640    0.9117    0.9146    0.9581    0.8602   0.06934   0.02246   0.01111
