unripe 0.97720885 366.0 341.0 425.0 415.0
unripe 0.94001716 151.0 263.0 209.0 311.0
unripe 0.934746 810.0 199.0 885.0 257.0
unripe 0.923971 647.0 201.0 675.0 225.0
unripe 0.9099399 93.0 79.0 125.0 108.0
partially_ripe 0.9052414 20.0 170.0 150.0 252.0
fully_ripe 0.90016526 713.0 149.0 794.0 217.0
unripe 0.8978408 165.0 101.0 201.0 142.0
unripe 0.8604363 562.0 240.0 591.0 268.0
unripe 0.83769804 658.0 162.0 688.0 192.0
fully_ripe 0.7683504 367.0 263.0 439.0 342.0
unripe 0.70236737 120.0 15.0 137.0 32.0
unripe 0.6167302 903.0 0.0 929.0 20.0
unripe 0.5442537 668.0 10.0 680.0 22.0
unripe 0.48910376 31.0 2.0 46.0 17.0
