unripe 0.9432639 570.0 437.0 609.0 488.0
partially_ripe 0.9378232 292.0 85.0 405.0 182.0
unripe 0.9183223 12.0 311.0 86.0 393.0
partially_ripe 0.91191536 203.0 181.0 300.0 244.0
unripe 0.90502566 648.0 405.0 670.0 424.0
unripe 0.8895755 161.0 2.0 195.0 27.0
unripe 0.88493794 0.0 267.0 26.0 294.0
partially_ripe 0.7929894 650.0 384.0 731.0 502.0
unripe 0.6316388 224.0 156.0 241.0 169.0
unripe 0.41040525 201.0 227.0 223.0 248.0
partially_ripe 0.3881287 268.0 4.0 300.0 22.0
fully_ripe 0.37792522 649.0 386.0 730.0 501.0
fully_ripe 0.37263682 267.0 4.0 298.0 21.0
