partially_ripe 0.9431898 460.0 306.0 543.0 419.0
unripe 0.9295945 830.0 232.0 892.0 273.0
unripe 0.91049707 187.0 61.0 227.0 100.0
unripe 0.90694374 167.0 34.0 208.0 63.0
unripe 0.89360106 811.0 16.0 838.0 42.0
fully_ripe 0.83995485 682.0 343.0 774.0 469.0
unripe 0.7901986 523.0 155.0 556.0 186.0
fully_ripe 0.7659343 431.0 393.0 509.0 518.0
unripe 0.7279395 980.0 48.0 1008.0 80.0
unripe 0.7032855 927.0 25.0 970.0 62.0
partially_ripe 0.6858451 347.0 238.0 438.0 386.0
unripe 0.56035364 897.0 38.0 911.0 50.0
fully_ripe 0.44486338 348.0 240.0 438.0 385.0
partially_ripe 0.4192235 976.0 50.0 1008.0 83.0
