unripe 0.95845413 177.0 361.0 280.0 506.0
unripe 0.9558068 576.0 326.0 628.0 397.0
unripe 0.9536849 65.0 355.0 168.0 456.0
partially_ripe 0.94934785 446.0 288.0 553.0 413.0
unripe 0.93109435 155.0 314.0 199.0 358.0
unripe 0.92403924 676.0 281.0 823.0 467.0
unripe 0.92140037 859.0 258.0 924.0 304.0
partially_ripe 0.9159263 266.0 301.0 405.0 490.0
fully_ripe 0.902147 581.0 238.0 710.0 455.0
unripe 0.8685057 48.0 12.0 82.0 44.0
unripe 0.86652994 0.0 383.0 44.0 436.0
partially_ripe 0.8414727 163.0 0.0 291.0 84.0
unripe 0.72465587 916.0 340.0 947.0 381.0
fully_ripe 0.58106905 786.0 212.0 855.0 293.0
unripe 0.55745703 819.0 334.0 874.0 367.0
fully_ripe 0.4370014 842.0 372.0 882.0 401.0
