unripe 0.9558341 478.0 408.0 541.0 483.0
unripe 0.9507125 769.0 416.0 874.0 546.0
unripe 0.9439726 170.0 75.0 280.0 164.0
partially_ripe 0.9439617 624.0 393.0 767.0 594.0
unripe 0.9393204 325.0 186.0 424.0 267.0
unripe 0.9391761 552.0 320.0 628.0 404.0
unripe 0.9272081 288.0 126.0 373.0 189.0
unripe 0.92192334 550.0 434.0 622.0 540.0
unripe 0.9111691 747.0 30.0 792.0 71.0
partially_ripe 0.8750007 403.0 344.0 514.0 551.0
unripe 0.7818553 285.0 82.0 414.0 150.0
unripe 0.7409816 987.0 214.0 1008.0 256.0
