unripe 0.9807429 527.0 361.0 590.0 442.0
unripe 0.93144894 974.0 431.0 1008.0 492.0
unripe 0.931061 901.0 309.0 946.0 355.0
unripe 0.9263884 917.0 355.0 998.0 456.0
unripe 0.9120758 698.0 396.0 743.0 438.0
partially_ripe 0.8827603 437.0 330.0 505.0 409.0
unripe 0.8795864 673.0 205.0 699.0 241.0
unripe 0.85769963 769.0 340.0 801.0 368.0
unripe 0.80715847 529.0 79.0 552.0 108.0
unripe 0.6770536 624.0 396.0 649.0 445.0
unripe 0.53274035 321.0 10.0 333.0 23.0
unripe 0.44134384 213.0 10.0 226.0 24.0
