partially_ripe 0.9650744 567.0 441.0 673.0 586.0
unripe 0.94595563 609.0 372.0 704.0 452.0
unripe 0.9346467 806.0 258.0 843.0 296.0
unripe 0.915687 436.0 402.0 473.0 447.0
unripe 0.8913854 114.0 218.0 163.0 246.0
unripe 0.87234837 729.0 303.0 774.0 332.0
unripe 0.8378268 122.0 120.0 157.0 143.0
unripe 0.7862231 707.0 237.0 732.0 253.0
partially_ripe 0.7689319 703.0 135.0 768.0 197.0
unripe 0.75018024 208.0 276.0 225.0 294.0
unripe 0.696018 704.0 141.0 767.0 197.0
unripe 0.65840364 0.0 84.0 34.0 108.0
unripe 0.39510953 205.0 175.0 228.0 194.0
