unripe 0.9540093 711.0 197.0 827.0 293.0
unripe 0.9528134 96.0 148.0 193.0 247.0
unripe 0.94009143 298.0 294.0 374.0 373.0
unripe 0.9322196 248.0 234.0 318.0 295.0
unripe 0.93016535 516.0 246.0 585.0 323.0
unripe 0.9283732 780.0 140.0 851.0 203.0
fully_ripe 0.91880476 454.0 334.0 566.0 455.0
unripe 0.90534157 125.0 59.0 159.0 90.0
unripe 0.88330257 665.0 195.0 702.0 220.0
partially_ripe 0.87904686 11.0 192.0 100.0 279.0
unripe 0.8514599 159.0 34.0 239.0 112.0
partially_ripe 0.7469384 589.0 258.0 673.0 349.0
unripe 0.7066619 0.0 259.0 12.0 315.0
unripe 0.6918581 127.0 22.0 167.0 55.0
fully_ripe 0.55770916 589.0 261.0 673.0 348.0
unripe 0.3265409 363.0 25.0 378.0 38.0
