unripe 0.9642991 305.0 198.0 364.0 256.0
unripe 0.9528517 205.0 259.0 286.0 361.0
unripe 0.9434728 622.0 234.0 673.0 295.0
unripe 0.9394467 26.0 158.0 102.0 230.0
unripe 0.93547356 541.0 262.0 617.0 351.0
fully_ripe 0.91826934 283.0 275.0 428.0 443.0
partially_ripe 0.9080948 649.0 105.0 797.0 199.0
unripe 0.8949212 432.0 349.0 469.0 386.0
unripe 0.89226335 724.0 230.0 749.0 254.0
unripe 0.88065 732.0 0.0 786.0 32.0
unripe 0.88044107 182.0 151.0 216.0 179.0
partially_ripe 0.8463659 470.0 303.0 553.0 469.0
partially_ripe 0.4618415 148.0 7.0 169.0 42.0
