unripe 0.9569653 690.0 286.0 746.0 348.0
unripe 0.9489669 255.0 146.0 302.0 188.0
partially_ripe 0.9433012 404.0 188.0 499.0 288.0
unripe 0.9331884 256.0 78.0 317.0 116.0
unripe 0.9123487 482.0 170.0 530.0 214.0
unripe 0.8952442 650.0 241.0 684.0 274.0
unripe 0.89516383 109.0 150.0 137.0 173.0
unripe 0.8875074 294.0 112.0 348.0 159.0
unripe 0.87460226 652.0 156.0 675.0 179.0
unripe 0.87456584 326.0 45.0 390.0 85.0
unripe 0.8499801 98.0 175.0 164.0 218.0
partially_ripe 0.7996963 267.0 6.0 328.0 59.0
unripe 0.79545116 334.0 102.0 352.0 119.0
unripe 0.6168362 189.0 135.0 206.0 152.0
unripe 0.44625416 839.0 246.0 851.0 258.0
